index of rationale sentence for text dataset (-1 indicates None)
-1, -1, -1, -1, -1, 0, -1, -1, 3, 0, -1, -1, -1, -1, -1, 1, -1, -1, 0, -1, -1, -1, -1, -1, 1, -1,
-1, -1, 0, 2, 0, -1, 0, -1, -1, -1, -1, -1, 1, 0, -1, -1, -1, -1, 0, 0, 1, -1, 1, -1, -1, 0,
0, -1, -1, -1, -1, -1, -1, 0, 0, -1, -1, -1, -1, -1, 0, -1, -1, -1, -1, 3, -1, -1, -1, -1,
-1, -1, -1, 0, -1, -1, -1, -1, -1, -1, -1, -1, -1, 0, -1, -1, -1, -1, -1, -1, -1, -1, -1, 2,
2, -1, -1, -1, -1, -1, -1, -1, -1, -1, 1, -1, -1, -1, -1, -1, 0, -1, -1, -1, -1, 2, -1, -1,
-1, 0, -1, -1, -1, -1, -1, -1, -1, -1, -1, 0, -1, -1, -1, -1, -1, -1, -1, -1, -1, 2, 3, -1,
-1, -1, 2, -1, -1, -1,-1, -1, -1, -1, -1, -1, -1, -1, 0, -1, 1, -1, -1, -1, 3, -1, -1, -1,
-1, -1, -1, 0, -1, -1, 0, 2, -1, 0, -1, -1, -1, -1, -1, -1, -1, -1, -1, -1, 0, 4, -1, -1, 1,
1, -1, -1, -1, -1, 1, -1, -1, -1, -1, 1, -1, -1, 1, -1, 1, -1, -1, -1, 0, -1, -1, 2, 0, -1,
-1, 3, -1, -1, -1, -1, -1, -1, -1, -1, -1, 0, -1, 0, -1, -1, -1, -1, -1, -1, 1, 1, -1, -1,
-1, -1, 2, -1, -1, -1, -1, -1, -1, 1, -1, -1, 0, -1, -1, -1, 0, -1, -1, -1, -1, -1, -1, -1,
-1, 1, -1, -1, 0, -1, -1, -1, -1, -1, 2, -1, -1, -1, 1, -1, -1, 1, -1, -1, -1, -1, -1, -1,
-1, -1, -1, -1, -1, 0, -1, -1, 2, -1, -1, -1, -1, -1, -1, -1, -1, 2, -1, -1, -1, -1, -1, -1,
0, -1, 1, -1, -1, -1, 0, 0, -1, -1, 15, -1, -1, -1, -1, -1, -1, 1, -1, -1, 1, -1, 3, -1, -1,
-1, -1, -1, -1, -1, -1, -1,-1, -1, -1, 0, -1, -1, -1, 3, -1, -1, 5, 0, -1, -1, -1, -1, -1,
-1, -1, -1, -1, 1, -1, -1, 0, -1, -1, -1, 4, -1, -1, -1, -1, -1, -1, -1, -1, -1, -1, -1, -1,
2, -1, 0, -1, 0, -1, 1, -1, 11
